5.490081787109375,0.2005462646484375,8.114547729492188,
5.5762176513671875,0.305816650390625,8.002090454101562,
5.7054290771484375,0.2364349365234375,7.9662017822265625,
5.664764404296875,0.303436279296875,7.959014892578125,
5.619293212890625,0.32257080078125,7.959014892578125,
5.688690185546875,0.303436279296875,7.96380615234375,
5.6934661865234375,0.2771148681640625,7.9733734130859375,
5.6384429931640625,0.291473388671875,8.002090454101562,
5.6456146240234375,0.32257080078125,7.968597412109375,
5.6815032958984375,0.305816650390625,7.9614105224609375,
5.64801025390625,0.327362060546875,7.9733734130859375,
5.631256103515625,0.33453369140625,7.96380615234375,
5.6623687744140625,0.315399169921875,7.98773193359375,
5.490081787109375,0.2005462646484375,8.114547729492188,
5.676727294921875,0.28668212890625,7.9853363037109375,
5.5762176513671875,0.305816650390625,8.002090454101562,
5.679107666015625,0.29864501953125,7.9733734130859375,
5.7054290771484375,0.2364349365234375,7.9662017822265625,
5.655181884765625,0.3249664306640625,7.98773193359375,
5.664764404296875,0.303436279296875,7.959014892578125,
5.67193603515625,0.3177947998046875,7.9853363037109375,
5.619293212890625,0.32257080078125,7.959014892578125,
5.6288604736328125,0.3010406494140625,8.002090454101562,
5.688690185546875,0.303436279296875,7.96380615234375,
5.6504058837890625,0.2794952392578125,7.99969482421875,
5.6934661865234375,0.2771148681640625,7.9733734130859375,
5.6408233642578125,0.2842864990234375,7.98773193359375,
5.6384429931640625,0.291473388671875,8.002090454101562,
5.64801025390625,0.3010406494140625,7.98773193359375,
5.6456146240234375,0.32257080078125,7.968597412109375,
5.6527862548828125,0.3010406494140625,7.968597412109375,
5.6815032958984375,0.305816650390625,7.9614105224609375,
5.6384429931640625,0.315399169921875,7.968597412109375,
5.64801025390625,0.327362060546875,7.9733734130859375,
5.6384429931640625,0.3201751708984375,7.96380615234375,
5.631256103515625,0.33453369140625,7.96380615234375,
5.6623687744140625,0.293853759765625,7.97576904296875,
5.6623687744140625,0.315399169921875,7.98773193359375,
5.6910858154296875,0.3010406494140625,7.96380615234375,
5.676727294921875,0.28668212890625,7.9853363037109375,
5.6408233642578125,0.303436279296875,7.9733734130859375,
5.679107666015625,0.29864501953125,7.9733734130859375,
5.6695404052734375,0.281890869140625,7.9733734130859375,
5.655181884765625,0.3249664306640625,7.98773193359375,
5.631256103515625,0.293853759765625,8.002090454101562,
5.67193603515625,0.3177947998046875,7.9853363037109375,
5.67193603515625,0.2962493896484375,7.9709930419921875,
5.6288604736328125,0.3010406494140625,8.002090454101562,
5.655181884765625,0.315399169921875,7.9662017822265625,
5.6504058837890625,0.2794952392578125,7.99969482421875,
5.667144775390625,0.293853759765625,7.97576904296875,
5.6408233642578125,0.2842864990234375,7.98773193359375,
5.643218994140625,0.293853759765625,7.9614105224609375,
5.64801025390625,0.3010406494140625,7.98773193359375,
5.631256103515625,0.351287841796875,7.9542388916015625,
5.6527862548828125,0.3010406494140625,7.968597412109375,
5.6623687744140625,0.363250732421875,7.97576904296875,
5.6384429931640625,0.315399169921875,7.968597412109375,
5.6504058837890625,0.3321380615234375,7.9781646728515625,
5.6384429931640625,0.3201751708984375,7.96380615234375,
5.6743316650390625,0.315399169921875,7.9972991943359375,
5.6623687744140625,0.293853759765625,7.97576904296875,
5.688690185546875,0.3369293212890625,7.9853363037109375,
5.6910858154296875,0.3010406494140625,7.96380615234375,
5.490081787109375,0.305816650390625,8.064300537109375,
5.6408233642578125,0.303436279296875,7.9733734130859375,
5.5858001708984375,0.269927978515625,8.040374755859375,
5.6695404052734375,0.281890869140625,7.9733734130859375,
5.68389892578125,0.3943634033203125,7.9709930419921875,
5.631256103515625,0.293853759765625,8.002090454101562,
5.11920166015625,0.1598663330078125,8.119338989257812,
5.67193603515625,0.2962493896484375,7.9709930419921875,
5.243621826171875,0.291473388671875,8.124130249023438,
5.655181884765625,0.315399169921875,7.9662017822265625,
5.37762451171875,0.2962493896484375,8.193511962890625,
5.667144775390625,0.293853759765625,7.97576904296875,
5.3225860595703125,0.22686767578125,8.23419189453125,
5.643218994140625,0.293853759765625,7.9614105224609375,
5.41351318359375,0.23883056640625,8.131301879882812,
5.631256103515625,0.351287841796875,7.9542388916015625,
5.3704376220703125,0.27471923828125,8.179168701171875,
5.6623687744140625,0.363250732421875,7.97576904296875,
5.3584747314453125,0.269927978515625,8.19830322265625,
5.6504058837890625,0.3321380615234375,7.9781646728515625,
5.3824005126953125,0.2962493896484375,8.152847290039062,
5.6743316650390625,0.315399169921875,7.9972991943359375,
5.408721923828125,0.281890869140625,8.169586181640625,
5.688690185546875,0.3369293212890625,7.9853363037109375,
5.3752288818359375,0.2436065673828125,8.193511962890625,
5.490081787109375,0.305816650390625,8.064300537109375,
5.4063262939453125,0.2555694580078125,8.15045166015625,
5.5858001708984375,0.269927978515625,8.040374755859375,
5.3919830322265625,0.28668212890625,8.183944702148438,
5.68389892578125,0.3943634033203125,7.9709930419921875,
5.38958740234375,0.27471923828125,8.171981811523438,
5.11920166015625,0.1598663330078125,8.119338989257812,
5.384796142578125,0.2771148681640625,8.18634033203125,
5.243621826171875,0.291473388671875,8.124130249023438,
5.360870361328125,0.2555694580078125,8.183944702148438,
5.37762451171875,0.2962493896484375,8.193511962890625,
5.360870361328125,0.28668212890625,8.193511962890625,
5.3225860595703125,0.22686767578125,8.23419189453125,
5.3680419921875,0.2603607177734375,8.195907592773438,
5.41351318359375,0.23883056640625,8.131301879882812,
5.37762451171875,0.2531890869140625,8.200698852539062,
5.3704376220703125,0.27471923828125,8.179168701171875,
5.6264801025390625,0.2531890869140625,8.389724731445312,
5.3584747314453125,0.269927978515625,8.19830322265625,
5.6623687744140625,0.303436279296875,8.093017578125,
5.3824005126953125,0.2962493896484375,8.152847290039062,
6.8994598388671875,0.4350433349609375,8.779754638671875,
5.408721923828125,0.281890869140625,8.169586181640625,
5.7796173095703125,0.53314208984375,8.18634033203125,
5.3752288818359375,0.2436065673828125,8.193511962890625,
4.8870849609375,0.2842864990234375,8.763015747070312,
5.4063262939453125,0.2555694580078125,8.15045166015625,
3.2121124267578125,-0.4550933837890625,8.894607543945312,
5.3919830322265625,0.28668212890625,8.183944702148438,
3.83184814453125,0.2077178955078125,9.01904296875,
5.38958740234375,0.27471923828125,8.171981811523438,
-0.06365966796875,-0.739837646484375,10.014450073242188,
5.384796142578125,0.2771148681640625,8.18634033203125,
3.3293609619140625,-1.4576873779296875,6.621429443359375,
5.360870361328125,0.2555694580078125,8.183944702148438,
0.92218017578125,-0.060272216796875,10.323135375976562,
5.360870361328125,0.28668212890625,8.193511962890625,
-0.97772216796875,-0.8762359619140625,12.622634887695312,
5.3680419921875,0.2603607177734375,8.195907592773438,
0.4795074462890625,-0.0100250244140625,10.13409423828125,
5.37762451171875,0.2531890869140625,8.200698852539062,
-2.379913330078125,0.1670379638671875,8.205474853515625,
5.6264801025390625,0.2531890869140625,8.389724731445312,
1.190185546875,-0.388092041015625,10.416458129882812,
5.6623687744140625,0.303436279296875,8.093017578125,
0.228271484375,-0.400054931640625,9.667495727539062,
6.8994598388671875,0.4350433349609375,8.779754638671875,
0.891082763671875,1.2868804931640625,10.34466552734375,
5.7796173095703125,0.53314208984375,8.18634033203125,
2.300445556640625,0.679107666015625,10.088638305664062,
4.8870849609375,0.2842864990234375,8.763015747070312,
0.7355499267578125,1.863555908203125,10.586334228515625,
3.2121124267578125,-0.4550933837890625,8.894607543945312,
1.876922607421875,0.5355377197265625,9.038177490234375,
3.83184814453125,0.2077178955078125,9.01904296875,
0.94610595703125,-0.24212646484375,8.437591552734375,
-0.06365966796875,-0.739837646484375,10.014450073242188,
2.4368438720703125,0.0856781005859375,9.62921142578125,
3.3293609619140625,-1.4576873779296875,6.621429443359375,
2.1281585693359375,0.056976318359375,9.432998657226562,
0.92218017578125,-0.060272216796875,10.323135375976562,
0.7546844482421875,0.7700347900390625,8.863510131835938,
-0.97772216796875,-0.8762359619140625,12.622634887695312,
1.9391326904296875,-0.6728363037109375,9.0908203125,
0.4795074462890625,-0.0100250244140625,10.13409423828125,
3.286285400390625,0.0617523193359375,9.236785888671875,
-2.379913330078125,0.1670379638671875,8.205474853515625,
1.972625732421875,1.4208831787109375,10.126922607421875,
1.190185546875,-0.388092041015625,10.416458129882812,
2.4583740234375,0.0426177978515625,9.67706298828125,
0.228271484375,-0.400054931640625,9.667495727539062,
2.9082183837890625,0.1143951416015625,9.409072875976562,
0.891082763671875,1.2868804931640625,10.34466552734375,
3.109222412109375,0.12396240234375,9.37078857421875,
2.300445556640625,0.679107666015625,10.088638305664062,
2.69287109375,0.1479034423828125,9.468887329101562,
0.7355499267578125,1.863555908203125,10.586334228515625,
2.7479095458984375,0.0617523193359375,9.344467163085938,
1.876922607421875,0.5355377197265625,9.038177490234375,
2.805328369140625,0.023468017578125,9.380355834960938,
0.94610595703125,-0.24212646484375,8.437591552734375,
2.920196533203125,0.023468017578125,9.363601684570312,
2.4368438720703125,0.0856781005859375,9.62921142578125,
3.137939453125,0.186187744140625,9.354034423828125,
2.1281585693359375,0.056976318359375,9.432998657226562,
2.8005523681640625,0.035430908203125,9.456924438476562,
0.7546844482421875,0.7700347900390625,8.863510131835938,
2.9178009033203125,0.011505126953125,9.423431396484375,
1.9391326904296875,-0.6728363037109375,9.0908203125,
2.9656524658203125,0.07611083984375,9.361221313476562,
3.286285400390625,0.0617523193359375,9.236785888671875,
2.980010986328125,0.0737152099609375,9.401901245117188,
1.972625732421875,1.4208831787109375,10.126922607421875,
2.9249725341796875,0.047393798828125,9.425827026367188,
2.4583740234375,0.0426177978515625,9.67706298828125,
2.934539794921875,0.056976318359375,9.411468505859375,
2.9082183837890625,0.1143951416015625,9.409072875976562,
2.9512939453125,0.0617523193359375,9.421035766601562,
3.109222412109375,0.12396240234375,9.37078857421875,
2.9608612060546875,0.06414794921875,9.41864013671875,
2.69287109375,0.1479034423828125,9.468887329101562,
2.944122314453125,0.0737152099609375,9.401901245117188,
2.7479095458984375,0.0617523193359375,9.344467163085938,
2.944122314453125,0.0186920166015625,9.385147094726562,
2.805328369140625,0.023468017578125,9.380355834960938,
2.9154052734375,0.0426177978515625,9.416244506835938,
2.920196533203125,0.023468017578125,9.363601684570312,
2.9584808349609375,0.045013427734375,9.421035766601562,
3.137939453125,0.186187744140625,9.354034423828125,
2.944122314453125,0.0617523193359375,9.41864013671875,
2.8005523681640625,0.035430908203125,9.456924438476562,
2.9536895751953125,0.059356689453125,9.416244506835938,
2.9178009033203125,0.011505126953125,9.423431396484375,
2.932159423828125,0.05218505859375,9.404281616210938,
2.9656524658203125,0.07611083984375,9.361221313476562,
2.9536895751953125,0.0665435791015625,9.404281616210938,
2.980010986328125,0.0737152099609375,9.401901245117188,
2.9297637939453125,0.047393798828125,9.409072875976562,
2.9249725341796875,0.047393798828125,9.425827026367188,
2.956085205078125,-0.036346435546875,9.392318725585938,
2.934539794921875,0.056976318359375,9.411468505859375,
2.97283935546875,0.0545806884765625,9.428207397460938,
2.9512939453125,0.0617523193359375,9.421035766601562,
2.9393310546875,0.07611083984375,9.404281616210938,
2.9608612060546875,0.06414794921875,9.41864013671875,
2.9656524658203125,0.0665435791015625,9.413864135742188,
2.944122314453125,0.0737152099609375,9.401901245117188,
2.9249725341796875,0.05218505859375,9.39471435546875,
2.944122314453125,0.0186920166015625,9.385147094726562,
2.9512939453125,0.0378265380859375,9.416244506835938,
2.9154052734375,0.0426177978515625,9.416244506835938,
2.934539794921875,0.045013427734375,9.404281616210938,
2.9584808349609375,0.045013427734375,9.421035766601562,
2.934539794921875,0.0497894287109375,9.423431396484375,
2.944122314453125,0.0617523193359375,9.41864013671875,
2.9824066162109375,0.0545806884765625,9.423431396484375,
2.9536895751953125,0.059356689453125,9.416244506835938,
2.9584808349609375,0.068939208984375,9.411468505859375,
2.932159423828125,0.05218505859375,9.404281616210938,
2.9488983154296875,0.0330352783203125,9.397109985351562,
2.9536895751953125,0.0665435791015625,9.404281616210938,
2.9249725341796875,0.05218505859375,9.385147094726562,
2.9297637939453125,0.047393798828125,9.409072875976562,
2.9249725341796875,0.056976318359375,9.389923095703125,
2.956085205078125,-0.036346435546875,9.392318725585938,
2.9584808349609375,0.071319580078125,9.413864135742188,
2.97283935546875,0.0545806884765625,9.428207397460938,
2.9273681640625,0.140716552734375,9.401901245117188,
2.9393310546875,0.07611083984375,9.404281616210938,
2.944122314453125,0.01629638671875,9.40667724609375,
2.9656524658203125,0.0665435791015625,9.413864135742188,
2.9393310546875,0.0545806884765625,9.40667724609375,
2.9249725341796875,0.05218505859375,9.39471435546875,
2.9536895751953125,0.035430908203125,9.39471435546875,
2.9512939453125,0.0378265380859375,9.416244506835938,
2.9536895751953125,0.035430908203125,9.432998657226562,
2.934539794921875,0.045013427734375,9.404281616210938,
2.9704437255859375,0.071319580078125,9.41864013671875,
2.934539794921875,0.0497894287109375,9.423431396484375,
2.9488983154296875,0.0617523193359375,9.423431396484375,
2.9824066162109375,0.0545806884765625,9.423431396484375,
2.9488983154296875,0.06414794921875,9.413864135742188,
2.9584808349609375,0.068939208984375,9.411468505859375,
2.944122314453125,0.059356689453125,9.416244506835938,
2.9488983154296875,0.0330352783203125,9.397109985351562,
2.944122314453125,0.056976318359375,9.413864135742188,
2.9249725341796875,0.05218505859375,9.385147094726562,
2.9656524658203125,0.06414794921875,9.425827026367188,
2.9249725341796875,0.056976318359375,9.389923095703125,
2.9536895751953125,0.045013427734375,9.409072875976562,
2.9584808349609375,0.071319580078125,9.413864135742188,
2.9512939453125,0.0856781005859375,9.39471435546875,
2.9273681640625,0.140716552734375,9.401901245117188,
2.9488983154296875,0.0617523193359375,9.437789916992188,
2.944122314453125,0.01629638671875,9.40667724609375,
2.9632568359375,0.0258636474609375,9.399505615234375,
2.9393310546875,0.0545806884765625,9.40667724609375,
2.9632568359375,0.071319580078125,9.41864013671875,
2.9536895751953125,0.035430908203125,9.39471435546875,
2.9369354248046875,0.071319580078125,9.399505615234375,
2.9536895751953125,0.035430908203125,9.432998657226562,
2.97283935546875,0.0426177978515625,9.41864013671875,
2.9704437255859375,0.071319580078125,9.41864013671875,
2.932159423828125,0.0665435791015625,9.40667724609375,
2.9488983154296875,0.0617523193359375,9.423431396484375,
2.9512939453125,0.0497894287109375,9.423431396484375,
2.9488983154296875,0.06414794921875,9.413864135742188,
2.956085205078125,0.068939208984375,9.411468505859375,
2.944122314453125,0.059356689453125,9.416244506835938,
2.9465179443359375,0.047393798828125,9.421035766601562,
2.944122314453125,0.056976318359375,9.413864135742188,
2.9512939453125,0.045013427734375,9.423431396484375,
2.9656524658203125,0.06414794921875,9.425827026367188,
2.9417266845703125,0.0426177978515625,9.399505615234375,
2.9536895751953125,0.045013427734375,9.409072875976562,
2.9536895751953125,0.068939208984375,9.435394287109375,
2.9512939453125,0.0856781005859375,9.39471435546875,
2.944122314453125,0.059356689453125,9.413864135742188,
2.9488983154296875,0.0617523193359375,9.437789916992188,
2.956085205078125,0.05218505859375,9.413864135742188,
2.9632568359375,0.0258636474609375,9.399505615234375,
2.956085205078125,0.06414794921875,9.409072875976562,
2.9632568359375,0.071319580078125,9.41864013671875,
2.9393310546875,0.0617523193359375,9.389923095703125,
2.9369354248046875,0.071319580078125,9.399505615234375,
2.956085205078125,0.04022216796875,9.397109985351562,
2.97283935546875,0.0426177978515625,9.41864013671875,
2.9465179443359375,0.05218505859375,9.401901245117188,
2.932159423828125,0.0665435791015625,9.40667724609375,
2.9632568359375,0.07611083984375,9.409072875976562,
2.9512939453125,0.0497894287109375,9.423431396484375,
2.9488983154296875,0.059356689453125,9.41864013671875,
2.956085205078125,0.068939208984375,9.411468505859375,
2.9632568359375,0.05218505859375,9.411468505859375,
2.9465179443359375,0.047393798828125,9.421035766601562,
2.9536895751953125,0.045013427734375,9.401901245117188,
2.9512939453125,0.045013427734375,9.423431396484375,
2.9393310546875,0.0545806884765625,9.404281616210938,
2.9417266845703125,0.0426177978515625,9.399505615234375,
2.9465179443359375,0.068939208984375,9.413864135742188,
2.9536895751953125,0.068939208984375,9.435394287109375,
2.9273681640625,0.059356689453125,9.425827026367188,
2.944122314453125,0.059356689453125,9.413864135742188,
2.9154052734375,0.045013427734375,9.399505615234375,
2.956085205078125,0.05218505859375,9.413864135742188,
2.9632568359375,0.035430908203125,9.423431396484375,
2.956085205078125,0.06414794921875,9.409072875976562,
2.9393310546875,0.05218505859375,9.41864013671875,
2.9393310546875,0.0617523193359375,9.389923095703125,
2.9512939453125,0.0737152099609375,9.40667724609375,
2.956085205078125,0.04022216796875,9.397109985351562,
2.9488983154296875,0.068939208984375,9.399505615234375,
2.9465179443359375,0.05218505859375,9.401901245117188,
2.9249725341796875,0.06414794921875,9.40667724609375,
2.9632568359375,0.07611083984375,9.409072875976562,
2.9608612060546875,0.071319580078125,9.411468505859375,
2.9488983154296875,0.059356689453125,9.41864013671875,
2.9369354248046875,0.0426177978515625,9.41864013671875,
2.9632568359375,0.05218505859375,9.411468505859375,
2.9393310546875,0.056976318359375,9.401901245117188,
2.9536895751953125,0.045013427734375,9.401901245117188,
2.9273681640625,0.047393798828125,9.387542724609375,
2.9393310546875,0.0545806884765625,9.404281616210938,
2.932159423828125,0.0617523193359375,9.399505615234375,
2.9465179443359375,0.068939208984375,9.413864135742188,
2.922576904296875,0.059356689453125,9.397109985351562,
2.9273681640625,0.059356689453125,9.425827026367188,
2.9752197265625,-0.0028533935546875,9.401901245117188,
2.9154052734375,0.045013427734375,9.399505615234375,
2.9249725341796875,0.0019378662109375,9.425827026367188,
2.9632568359375,0.035430908203125,9.423431396484375,
2.9704437255859375,0.0856781005859375,9.34686279296875,
2.9393310546875,0.05218505859375,9.41864013671875,
2.9154052734375,0.045013427734375,9.425827026367188,
2.9512939453125,0.0737152099609375,9.40667724609375,
2.9584808349609375,0.11199951171875,9.349258422851562,
2.9488983154296875,0.068939208984375,9.399505615234375,
2.9536895751953125,0.1383209228515625,9.385147094726562,
2.9249725341796875,0.06414794921875,9.40667724609375,
3.08050537109375,0.0785064697265625,9.377960205078125,
2.9608612060546875,0.071319580078125,9.411468505859375,
3.003936767578125,0.047393798828125,9.447357177734375,
2.9369354248046875,0.0426177978515625,9.41864013671875,
3.0661468505859375,-0.1272735595703125,9.830215454101562,
2.9393310546875,0.056976318359375,9.401901245117188,
2.7766265869140625,-0.34503173828125,9.449752807617188,
2.9273681640625,0.047393798828125,9.387542724609375,
2.4607696533203125,-0.3545989990234375,9.825424194335938,
2.932159423828125,0.0617523193359375,9.399505615234375,
2.814910888671875,-0.258880615234375,9.7943115234375,
2.922576904296875,0.059356689453125,9.397109985351562,
2.8938751220703125,-0.0100250244140625,9.064498901367188,
2.9752197265625,-0.0028533935546875,9.401901245117188,
3.1810150146484375,0.08807373046875,9.153045654296875,
2.9249725341796875,0.0019378662109375,9.425827026367188,
2.709625244140625,-0.00762939453125,9.59332275390625,
2.9704437255859375,0.0856781005859375,9.34686279296875,
2.7718353271484375,0.0306549072265625,9.44256591796875,
2.9154052734375,0.045013427734375,9.425827026367188,
2.9536895751953125,0.02825927734375,9.377960205078125,
2.9584808349609375,0.11199951171875,9.349258422851562,
2.7885894775390625,0.0856781005859375,9.461715698242188,
2.9536895751953125,0.1383209228515625,9.385147094726562,
2.838836669921875,0.0210723876953125,9.456924438476562,
3.08050537109375,0.0785064697265625,9.377960205078125,
2.910614013671875,0.0186920166015625,9.421035766601562,
3.003936767578125,0.047393798828125,9.447357177734375,
2.838836669921875,-0.0531005859375,9.432998657226562,
3.0661468505859375,-0.1272735595703125,9.830215454101562,
2.8412322998046875,0.0497894287109375,9.432998657226562,
2.7766265869140625,-0.34503173828125,9.449752807617188,
2.76226806640625,-0.0291748046875,9.478469848632812,
2.4607696533203125,-0.3545989990234375,9.825424194335938,
2.97283935546875,0.12396240234375,9.416244506835938,
2.814910888671875,-0.258880615234375,9.7943115234375,
3.0111236572265625,0.2125091552734375,9.363601684570312,
2.8938751220703125,-0.0100250244140625,9.064498901367188,
2.9130096435546875,0.0976409912109375,9.416244506835938,
3.1810150146484375,0.08807373046875,9.153045654296875,
2.910614013671875,0.0330352783203125,9.43060302734375,
2.709625244140625,-0.00762939453125,9.59332275390625,
2.97283935546875,0.0737152099609375,9.409072875976562,
2.7718353271484375,0.0306549072265625,9.44256591796875,
2.956085205078125,0.0952606201171875,9.39471435546875,
2.9536895751953125,0.02825927734375,9.377960205078125,
2.9082183837890625,0.0378265380859375,9.423431396484375,
2.7885894775390625,0.0856781005859375,9.461715698242188,
2.9130096435546875,0.0497894287109375,9.416244506835938,
2.838836669921875,0.0210723876953125,9.456924438476562,
2.9178009033203125,0.0497894287109375,9.399505615234375,
2.910614013671875,0.0186920166015625,9.421035766601562,
2.9536895751953125,0.068939208984375,9.413864135742188,
2.838836669921875,-0.0531005859375,9.432998657226562,
2.9178009033203125,0.035430908203125,9.416244506835938,
2.8412322998046875,0.0497894287109375,9.432998657226562,
2.9608612060546875,0.0976409912109375,9.425827026367188,
2.76226806640625,-0.0291748046875,9.478469848632812,
2.9871826171875,0.06414794921875,9.425827026367188,
2.97283935546875,0.12396240234375,9.416244506835938,
2.9465179443359375,0.056976318359375,9.404281616210938,
3.0111236572265625,0.2125091552734375,9.363601684570312,
2.9154052734375,0.02825927734375,9.425827026367188,
2.9130096435546875,0.0976409912109375,9.416244506835938,
2.9178009033203125,0.0665435791015625,9.41864013671875,
2.910614013671875,0.0330352783203125,9.43060302734375,
2.922576904296875,0.071319580078125,9.40667724609375,
2.97283935546875,0.0737152099609375,9.409072875976562,
2.898651123046875,0.0545806884765625,9.421035766601562,
2.956085205078125,0.0952606201171875,9.39471435546875,
2.9369354248046875,0.0665435791015625,9.416244506835938,
2.9082183837890625,0.0378265380859375,9.423431396484375,
2.8890838623046875,0.10003662109375,9.428207397460938,
2.9130096435546875,0.0497894287109375,9.416244506835938,
2.9154052734375,0.0665435791015625,9.40667724609375,
2.9178009033203125,0.0497894287109375,9.399505615234375,
2.9536895751953125,0.047393798828125,9.41864013671875,
2.9536895751953125,0.068939208984375,9.413864135742188,
2.9369354248046875,0.0258636474609375,9.401901245117188,
2.9178009033203125,0.035430908203125,9.416244506835938,
2.9297637939453125,0.0545806884765625,9.397109985351562,
2.9608612060546875,0.0976409912109375,9.425827026367188,
2.86993408203125,0.07611083984375,9.428207397460938,
2.9871826171875,0.06414794921875,9.425827026367188,
2.8723297119140625,0.0832977294921875,9.421035766601562,
2.9465179443359375,0.056976318359375,9.404281616210938,
2.9512939453125,0.080902099609375,9.401901245117188,
2.9154052734375,0.02825927734375,9.425827026367188,
2.9297637939453125,0.04022216796875,9.425827026367188,
2.9178009033203125,0.0665435791015625,9.41864013671875,
2.9178009033203125,0.059356689453125,9.401901245117188,
2.922576904296875,0.071319580078125,9.40667724609375,
2.9273681640625,0.06414794921875,9.416244506835938,
2.898651123046875,0.0545806884765625,9.421035766601562,
2.9393310546875,0.0785064697265625,9.413864135742188,
2.9369354248046875,0.0665435791015625,9.416244506835938,
2.9154052734375,0.0497894287109375,9.440185546875,
2.8890838623046875,0.10003662109375,9.428207397460938,
2.920196533203125,0.071319580078125,9.40667724609375,
2.9154052734375,0.0665435791015625,9.40667724609375,
2.9058380126953125,0.0426177978515625,9.40667724609375,
2.9536895751953125,0.047393798828125,9.41864013671875,
2.910614013671875,0.047393798828125,9.41864013671875,
2.9369354248046875,0.0258636474609375,9.401901245117188,
2.9130096435546875,0.068939208984375,9.380355834960938,
2.9297637939453125,0.0545806884765625,9.397109985351562,
2.9154052734375,0.023468017578125,9.416244506835938,
2.86993408203125,0.07611083984375,9.428207397460938,
2.9417266845703125,0.045013427734375,9.411468505859375,
2.8723297119140625,0.0832977294921875,9.421035766601562,
2.97283935546875,0.0737152099609375,9.40667724609375,
2.9512939453125,0.080902099609375,9.401901245117188,
2.898651123046875,0.0497894287109375,9.416244506835938,
2.9297637939453125,0.04022216796875,9.425827026367188,
2.932159423828125,0.06414794921875,9.411468505859375,
2.9178009033203125,0.059356689453125,9.401901245117188,
2.9608612060546875,0.07611083984375,9.401901245117188,
2.9273681640625,0.06414794921875,9.416244506835938,
2.9488983154296875,0.0665435791015625,9.421035766601562,
2.9393310546875,0.0785064697265625,9.413864135742188,
2.9369354248046875,0.0904693603515625,9.39471435546875,
2.9154052734375,0.0497894287109375,9.440185546875,
2.9417266845703125,0.080902099609375,9.413864135742188,
2.920196533203125,0.071319580078125,9.40667724609375,
2.9010467529296875,0.05218505859375,9.423431396484375,
2.9058380126953125,0.0426177978515625,9.40667724609375,
2.9154052734375,0.08807373046875,9.401901245117188,
2.910614013671875,0.047393798828125,9.41864013671875,
2.9465179443359375,0.068939208984375,9.440185546875,
2.9130096435546875,0.068939208984375,9.380355834960938,
2.9058380126953125,0.0545806884765625,9.401901245117188,
2.9154052734375,0.023468017578125,9.416244506835938,
2.9465179443359375,0.0952606201171875,9.404281616210938,
2.9417266845703125,0.045013427734375,9.411468505859375,
2.9512939453125,0.0737152099609375,9.409072875976562,
2.97283935546875,0.0737152099609375,9.40667724609375,
2.922576904296875,0.045013427734375,9.40667724609375,
2.898651123046875,0.0497894287109375,9.416244506835938,
2.932159423828125,0.0737152099609375,9.416244506835938,
2.932159423828125,0.06414794921875,9.411468505859375,
2.9154052734375,0.0497894287109375,9.416244506835938,
2.9608612060546875,0.07611083984375,9.401901245117188,
2.9154052734375,0.06414794921875,9.413864135742188,
2.9488983154296875,0.0665435791015625,9.421035766601562,
2.9465179443359375,0.092864990234375,9.401901245117188,
2.9369354248046875,0.0904693603515625,9.39471435546875,
2.9608612060546875,0.080902099609375,9.40667724609375,
2.9417266845703125,0.080902099609375,9.413864135742188,
2.968048095703125,0.0832977294921875,9.404281616210938,
2.9010467529296875,0.05218505859375,9.423431396484375,
2.934539794921875,0.0665435791015625,9.40667724609375,
2.9154052734375,0.08807373046875,9.401901245117188,
2.9082183837890625,0.0617523193359375,9.409072875976562,
2.9465179443359375,0.068939208984375,9.440185546875,
2.9130096435546875,0.0976409912109375,9.404281616210938,
2.9058380126953125,0.0545806884765625,9.401901245117188,
2.9488983154296875,0.0904693603515625,9.421035766601562,
2.9465179443359375,0.0952606201171875,9.404281616210938,
2.9130096435546875,0.0665435791015625,9.392318725585938,
2.9512939453125,0.0737152099609375,9.409072875976562,
2.920196533203125,0.0665435791015625,9.39471435546875,
2.922576904296875,0.045013427734375,9.40667724609375,
2.9178009033203125,0.0426177978515625,9.444961547851562,
2.932159423828125,0.0737152099609375,9.416244506835938,
2.9154052734375,0.0665435791015625,9.351638793945312,
2.9154052734375,0.0497894287109375,9.416244506835938,
2.9704437255859375,0.11199951171875,9.413864135742188,
2.9154052734375,0.06414794921875,9.413864135742188,
2.944122314453125,0.0785064697265625,9.389923095703125,
2.9465179443359375,0.092864990234375,9.401901245117188,
2.9656524658203125,0.068939208984375,9.40667724609375,
2.9608612060546875,0.080902099609375,9.40667724609375,
2.968048095703125,0.0832977294921875,9.404281616210938,
2.9488983154296875,0.0665435791015625,9.413864135742188,
2.9178009033203125,0.0832977294921875,9.416244506835938,
2.934539794921875,0.0665435791015625,9.40667724609375,
2.956085205078125,0.0737152099609375,9.409072875976562,
2.9082183837890625,0.0617523193359375,9.409072875976562,
2.944122314453125,0.0497894287109375,9.40667724609375,
2.9130096435546875,0.0976409912109375,9.404281616210938,
2.910614013671875,0.035430908203125,9.404281616210938,
2.9488983154296875,0.0904693603515625,9.421035766601562,
2.956085205078125,0.0832977294921875,9.39471435546875,
2.9130096435546875,0.0665435791015625,9.392318725585938,
2.922576904296875,0.0665435791015625,9.411468505859375,
2.920196533203125,0.0665435791015625,9.39471435546875,
2.9082183837890625,0.02825927734375,9.44256591796875,
2.9178009033203125,0.0426177978515625,9.444961547851562,
2.9249725341796875,0.06414794921875,9.413864135742188,
2.9154052734375,0.0665435791015625,9.351638793945312,
2.934539794921875,0.11199951171875,9.421035766601562,
2.9704437255859375,0.11199951171875,9.413864135742188,
2.9034423828125,0.056976318359375,9.411468505859375,
2.944122314453125,0.0785064697265625,9.389923095703125,
2.944122314453125,0.0497894287109375,9.40667724609375,
2.9656524658203125,0.068939208984375,9.40667724609375,
2.9512939453125,0.059356689453125,9.421035766601562,
2.9608612060546875,0.05218505859375,9.413864135742188,
2.9488983154296875,0.0665435791015625,9.413864135742188,
2.9178009033203125,0.0832977294921875,9.416244506835938,
2.9512939453125,0.0497894287109375,9.409072875976562,
2.956085205078125,0.0737152099609375,9.409072875976562,
2.9417266845703125,0.080902099609375,9.392318725585938,
2.944122314453125,0.0497894287109375,9.40667724609375,
2.8962554931640625,0.109619140625,9.425827026367188,
2.910614013671875,0.035430908203125,9.404281616210938,
2.9130096435546875,0.1024322509765625,9.411468505859375,
2.956085205078125,0.0832977294921875,9.39471435546875,
2.9417266845703125,0.0497894287109375,9.35882568359375,
2.922576904296875,0.0665435791015625,9.411468505859375,
3.027862548828125,0.0545806884765625,9.387542724609375,
2.9082183837890625,0.02825927734375,9.44256591796875,
3.06854248046875,0.0426177978515625,9.377960205078125,
2.9249725341796875,0.06414794921875,9.413864135742188,
2.9704437255859375,0.011505126953125,9.361221313476562,
2.934539794921875,0.11199951171875,9.421035766601562,
3.0661468505859375,0.0856781005859375,9.337295532226562,
2.9034423828125,0.056976318359375,9.411468505859375,
3.003936767578125,0.104827880859375,9.361221313476562,
2.944122314453125,0.0497894287109375,9.40667724609375,
3.097259521484375,0.06414794921875,9.356430053710938,
2.9512939453125,0.059356689453125,9.421035766601562,
3.1475067138671875,0.0067138671875,9.3253173828125,
2.9608612060546875,0.05218505859375,9.413864135742188,
3.0350494384765625,0.08807373046875,9.375579833984375,
2.9512939453125,0.0497894287109375,9.409072875976562,
3.039825439453125,0.08807373046875,9.349258422851562,
2.9417266845703125,0.080902099609375,9.392318725585938,
3.0541839599609375,0.116790771484375,9.380355834960938,
2.8962554931640625,0.109619140625,9.425827026367188,
2.9824066162109375,0.08807373046875,9.387542724609375,
2.9130096435546875,0.1024322509765625,9.411468505859375,
3.003936767578125,0.109619140625,9.356430053710938,
2.9417266845703125,0.0497894287109375,9.35882568359375,
3.0757293701171875,0.0091094970703125,9.363601684570312,
3.027862548828125,0.0545806884765625,9.387542724609375,
3.0876922607421875,0.0186920166015625,9.373184204101562,
3.06854248046875,0.0426177978515625,9.377960205078125,
3.051788330078125,0.1024322509765625,9.37078857421875,
2.9704437255859375,0.011505126953125,9.361221313476562,
3.0350494384765625,0.10003662109375,9.354034423828125,
3.0661468505859375,0.0856781005859375,9.337295532226562,
3.05657958984375,0.0545806884765625,9.351638793945312,
3.003936767578125,0.104827880859375,9.361221313476562,
3.061370849609375,0.068939208984375,9.34686279296875,
3.097259521484375,0.06414794921875,9.356430053710938,
3.073333740234375,0.059356689453125,9.349258422851562,
3.1475067138671875,0.0067138671875,9.3253173828125,
3.0350494384765625,0.0737152099609375,9.377960205078125,
3.0350494384765625,0.08807373046875,9.375579833984375,
3.037445068359375,0.0785064697265625,9.363601684570312,
3.039825439453125,0.08807373046875,9.349258422851562,
3.05657958984375,0.080902099609375,9.342071533203125,
3.0541839599609375,0.116790771484375,9.380355834960938,
3.08050537109375,0.0832977294921875,9.380355834960938,
2.9824066162109375,0.08807373046875,9.387542724609375,
3.05657958984375,0.07611083984375,9.344467163085938,
3.003936767578125,0.109619140625,9.356430053710938,
3.05657958984375,0.0617523193359375,9.33489990234375,
3.0757293701171875,0.0091094970703125,9.363601684570312,
3.03265380859375,0.06414794921875,9.392318725585938,
3.0876922607421875,0.0186920166015625,9.373184204101562,
3.0661468505859375,0.068939208984375,9.35882568359375,
3.051788330078125,0.1024322509765625,9.37078857421875,
3.061370849609375,0.080902099609375,9.342071533203125,
3.0350494384765625,0.10003662109375,9.354034423828125,
3.0661468505859375,0.0976409912109375,9.361221313476562,
3.05657958984375,0.0545806884765625,9.351638793945312,
3.0350494384765625,0.1191864013671875,9.368392944335938,
3.061370849609375,0.068939208984375,9.34686279296875,
3.0589752197265625,0.08807373046875,9.337295532226562,
3.073333740234375,0.059356689453125,9.349258422851562,
3.027862548828125,0.0904693603515625,9.354034423828125,
3.0350494384765625,0.0737152099609375,9.377960205078125,
3.0541839599609375,0.0904693603515625,9.349258422851562,
3.037445068359375,0.0785064697265625,9.363601684570312,
3.0661468505859375,0.1072235107421875,9.38275146484375,
3.05657958984375,0.080902099609375,9.342071533203125,
3.0781097412109375,0.0952606201171875,9.375579833984375,
3.08050537109375,0.0832977294921875,9.380355834960938,
3.0781097412109375,0.0952606201171875,9.373184204101562,
3.05657958984375,0.07611083984375,9.344467163085938,
3.0589752197265625,0.092864990234375,9.351638793945312,
3.05657958984375,0.0617523193359375,9.33489990234375,
3.0709381103515625,0.0426177978515625,9.34686279296875,
3.03265380859375,0.06414794921875,9.392318725585938,
3.0757293701171875,0.08807373046875,9.368392944335938,
3.0661468505859375,0.068939208984375,9.35882568359375,
3.0661468505859375,0.06414794921875,9.344467163085938,
3.061370849609375,0.080902099609375,9.342071533203125,
3.0589752197265625,0.0832977294921875,9.344467163085938,
3.0661468505859375,0.0976409912109375,9.361221313476562,
3.0422210693359375,0.06414794921875,9.37078857421875,
3.0350494384765625,0.1191864013671875,9.368392944335938,
3.061370849609375,0.0832977294921875,9.37078857421875,
3.0589752197265625,0.08807373046875,9.337295532226562,
3.037445068359375,0.0976409912109375,9.354034423828125,
3.027862548828125,0.0904693603515625,9.354034423828125,
3.061370849609375,0.092864990234375,9.356430053710938,
3.0541839599609375,0.0904693603515625,9.349258422851562,
3.027862548828125,0.0665435791015625,9.389923095703125,
3.0661468505859375,0.1072235107421875,9.38275146484375,
3.0470123291015625,0.10003662109375,9.34686279296875,
3.0781097412109375,0.0952606201171875,9.375579833984375,
3.0422210693359375,0.0952606201171875,9.361221313476562,
3.0781097412109375,0.0952606201171875,9.373184204101562,
3.0637664794921875,0.059356689453125,9.342071533203125,
3.0589752197265625,0.092864990234375,9.351638793945312,
3.0589752197265625,0.0832977294921875,9.368392944335938,
3.0709381103515625,0.0426177978515625,9.34686279296875,
3.061370849609375,0.0976409912109375,9.368392944335938,
3.0757293701171875,0.08807373046875,9.368392944335938,
3.0470123291015625,0.0832977294921875,9.349258422851562,
3.0661468505859375,0.06414794921875,9.344467163085938,
3.051788330078125,0.0856781005859375,9.356430053710938,
3.0589752197265625,0.0832977294921875,9.344467163085938,
3.0422210693359375,0.06414794921875,9.37078857421875,
3.061370849609375,0.07611083984375,9.354034423828125,
3.039825439453125,0.08807373046875,9.35882568359375,
3.061370849609375,0.0832977294921875,9.37078857421875,
3.049407958984375,0.0952606201171875,9.339675903320312,
3.037445068359375,0.0976409912109375,9.354034423828125,
3.0470123291015625,0.109619140625,9.354034423828125,
3.061370849609375,0.092864990234375,9.356430053710938,
3.05657958984375,0.0737152099609375,9.356430053710938,
3.027862548828125,0.0665435791015625,9.389923095703125,
3.0637664794921875,0.056976318359375,9.342071533203125,
3.0470123291015625,0.10003662109375,9.34686279296875,
3.05657958984375,0.116790771484375,9.37078857421875,
3.0422210693359375,0.0952606201171875,9.361221313476562,
3.0757293701171875,0.071319580078125,9.339675903320312,
3.0637664794921875,0.059356689453125,9.342071533203125,
3.0350494384765625,0.092864990234375,9.356430053710938,
3.0589752197265625,0.0832977294921875,9.368392944335938,
3.06854248046875,0.068939208984375,9.34686279296875,
3.061370849609375,0.0976409912109375,9.368392944335938,
3.0876922607421875,0.0545806884765625,9.363601684570312,
3.0470123291015625,0.0832977294921875,9.349258422851562,
3.073333740234375,0.0497894287109375,9.349258422851562,
3.051788330078125,0.0856781005859375,9.356430053710938,
3.06854248046875,0.06414794921875,9.354034423828125,
3.05657958984375,0.08807373046875,9.356430053710938,
3.061370849609375,0.07611083984375,9.354034423828125,
3.039825439453125,0.08807373046875,9.35882568359375,
3.08050537109375,0.10003662109375,9.389923095703125,
3.049407958984375,0.0952606201171875,9.339675903320312,
3.0661468505859375,0.0737152099609375,9.327713012695312,
3.0470123291015625,0.109619140625,9.354034423828125,
3.0709381103515625,0.0904693603515625,9.356430053710938,
3.05657958984375,0.0737152099609375,9.356430053710938,
3.049407958984375,0.0785064697265625,9.344467163085938,
3.0637664794921875,0.056976318359375,9.342071533203125,
3.04461669921875,0.1024322509765625,9.34686279296875,
3.073333740234375,0.0497894287109375,9.354034423828125,
3.05657958984375,0.116790771484375,9.37078857421875,
3.0757293701171875,0.071319580078125,9.339675903320312,
3.06854248046875,0.0545806884765625,9.33489990234375,
3.0350494384765625,0.092864990234375,9.356430053710938,
3.061370849609375,0.0904693603515625,9.373184204101562,
3.06854248046875,0.068939208984375,9.34686279296875,
3.0757293701171875,0.068939208984375,9.351638793945312,
3.0876922607421875,0.0545806884765625,9.363601684570312,
3.0661468505859375,0.068939208984375,9.356430053710938,
3.073333740234375,0.0497894287109375,9.349258422851562,
3.051788330078125,0.08807373046875,9.351638793945312,
3.06854248046875,0.06414794921875,9.354034423828125,
3.0637664794921875,0.0904693603515625,9.34686279296875,
3.05657958984375,0.08807373046875,9.356430053710938,
3.0589752197265625,0.0976409912109375,9.34686279296875,
3.08050537109375,0.10003662109375,9.389923095703125,
3.0709381103515625,0.1143951416015625,9.361221313476562,
3.0661468505859375,0.0737152099609375,9.327713012695312,
3.073333740234375,0.1072235107421875,9.37078857421875,
3.0709381103515625,0.0904693603515625,9.356430053710938,
3.085296630859375,0.0617523193359375,9.35882568359375,
3.049407958984375,0.0785064697265625,9.344467163085938,
3.09246826171875,0.068939208984375,9.342071533203125,
3.04461669921875,0.1024322509765625,9.34686279296875,
3.0829010009765625,0.0617523193359375,9.351638793945312,
3.073333740234375,0.0497894287109375,9.354034423828125,
3.0589752197265625,0.092864990234375,9.363601684570312,
3.06854248046875,0.0545806884765625,9.33489990234375,
3.0709381103515625,0.045013427734375,9.351638793945312,
3.061370849609375,0.0904693603515625,9.373184204101562,
3.0470123291015625,0.0665435791015625,9.37078857421875,
3.0757293701171875,0.068939208984375,9.351638793945312,
3.0637664794921875,0.045013427734375,9.344467163085938,
3.0661468505859375,0.068939208984375,9.356430053710938,
3.04461669921875,0.092864990234375,9.354034423828125,
3.051788330078125,0.08807373046875,9.351638793945312,
3.0661468505859375,0.071319580078125,9.356430053710938,
3.0637664794921875,0.0904693603515625,9.34686279296875,
3.0661468505859375,0.023468017578125,9.356430053710938,
3.0589752197265625,0.0976409912109375,9.34686279296875,
3.0230865478515625,0.0785064697265625,9.37078857421875,
3.0709381103515625,0.1143951416015625,9.361221313476562,
3.02069091796875,0.0952606201171875,9.363601684570312,
3.073333740234375,0.1072235107421875,9.37078857421875,
3.073333740234375,0.0904693603515625,9.351638793945312,
3.085296630859375,0.0617523193359375,9.35882568359375,
3.049407958984375,0.0617523193359375,9.373184204101562,
3.09246826171875,0.068939208984375,9.342071533203125,
3.10443115234375,0.07611083984375,9.375579833984375,
3.0829010009765625,0.0617523193359375,9.351638793945312,
3.0661468505859375,0.059356689453125,9.351638793945312,
3.0589752197265625,0.092864990234375,9.363601684570312,
3.0182952880859375,0.1191864013671875,9.342071533203125,
3.0709381103515625,0.045013427734375,9.351638793945312,
3.0661468505859375,0.11199951171875,9.35882568359375,
3.0470123291015625,0.0665435791015625,9.37078857421875,
3.073333740234375,0.0785064697265625,9.33489990234375,
3.0637664794921875,0.045013427734375,9.344467163085938,
3.061370849609375,0.0497894287109375,9.354034423828125,
3.04461669921875,0.092864990234375,9.354034423828125,
3.09246826171875,0.0617523193359375,9.365997314453125,
3.0661468505859375,0.071319580078125,9.356430053710938,
3.0709381103515625,0.04022216796875,9.368392944335938,
3.0661468505859375,0.023468017578125,9.356430053710938,
3.0350494384765625,0.10003662109375,9.356430053710938,
3.0230865478515625,0.0785064697265625,9.37078857421875,
3.04461669921875,0.092864990234375,9.35882568359375,
3.02069091796875,0.0952606201171875,9.363601684570312,
3.04461669921875,0.071319580078125,9.380355834960938,
3.073333740234375,0.0904693603515625,9.351638793945312,
3.06854248046875,0.056976318359375,9.351638793945312,
3.049407958984375,0.0617523193359375,9.373184204101562,
3.0876922607421875,0.0904693603515625,9.365997314453125,
3.10443115234375,0.07611083984375,9.375579833984375,
3.0709381103515625,0.080902099609375,9.33489990234375,
3.0661468505859375,0.059356689453125,9.351638793945312,
3.0757293701171875,0.104827880859375,9.361221313476562,
3.0182952880859375,0.1191864013671875,9.342071533203125,
3.061370849609375,0.0785064697265625,9.349258422851562,
3.0661468505859375,0.11199951171875,9.35882568359375,
3.0541839599609375,0.0737152099609375,9.349258422851562,
3.073333740234375,0.0785064697265625,9.33489990234375,
3.061370849609375,0.071319580078125,9.361221313476562,
3.061370849609375,0.0497894287109375,9.354034423828125,
3.0709381103515625,0.0952606201171875,9.373184204101562,
3.09246826171875,0.0617523193359375,9.365997314453125,
3.061370849609375,0.1024322509765625,9.368392944335938,
3.0709381103515625,0.04022216796875,9.368392944335938,
3.0589752197265625,0.0976409912109375,9.365997314453125,
3.0350494384765625,0.10003662109375,9.356430053710938,
3.0661468505859375,0.0904693603515625,9.363601684570312,
3.04461669921875,0.092864990234375,9.35882568359375,
3.03265380859375,0.0737152099609375,9.389923095703125,
3.04461669921875,0.071319580078125,9.380355834960938,
3.051788330078125,0.071319580078125,9.339675903320312,
3.06854248046875,0.056976318359375,9.351638793945312,
3.0589752197265625,0.0952606201171875,9.35882568359375,
3.0876922607421875,0.0904693603515625,9.365997314453125,
3.0541839599609375,0.092864990234375,9.342071533203125,
3.0709381103515625,0.080902099609375,9.33489990234375,
3.05657958984375,0.0976409912109375,9.356430053710938,
3.0757293701171875,0.104827880859375,9.361221313476562,
3.05657958984375,0.068939208984375,9.342071533203125,
3.061370849609375,0.0785064697265625,9.349258422851562,
3.0541839599609375,0.116790771484375,9.363601684570312,
3.0541839599609375,0.0737152099609375,9.349258422851562,
3.051788330078125,0.10003662109375,9.35882568359375,
3.061370849609375,0.071319580078125,9.361221313476562,
3.0637664794921875,0.0856781005859375,9.401901245117188,
3.0709381103515625,0.0952606201171875,9.373184204101562,
3.0757293701171875,0.104827880859375,9.365997314453125,
3.061370849609375,0.1024322509765625,9.368392944335938,
3.085296630859375,0.0785064697265625,9.356430053710938,
3.0589752197265625,0.0976409912109375,9.365997314453125,
3.0757293701171875,0.1024322509765625,9.365997314453125,
3.0661468505859375,0.0904693603515625,9.363601684570312,
3.0350494384765625,0.104827880859375,9.351638793945312,
3.03265380859375,0.0737152099609375,9.389923095703125,
3.0422210693359375,0.104827880859375,9.349258422851562,
3.051788330078125,0.071319580078125,9.339675903320312,
3.0230865478515625,0.0832977294921875,9.377960205078125,
3.0589752197265625,0.0952606201171875,9.35882568359375,
3.08050537109375,0.0976409912109375,9.363601684570312,
3.0541839599609375,0.092864990234375,9.342071533203125,
3.037445068359375,0.0952606201171875,9.349258422851562,
3.05657958984375,0.0976409912109375,9.356430053710938,
3.0589752197265625,0.071319580078125,9.337295532226562,
3.05657958984375,0.068939208984375,9.342071533203125,
3.0829010009765625,0.071319580078125,9.349258422851562,
3.0541839599609375,0.116790771484375,9.363601684570312,
3.061370849609375,0.10003662109375,9.35882568359375,
3.051788330078125,0.10003662109375,9.35882568359375,
3.08050537109375,0.07611083984375,9.342071533203125,
3.0637664794921875,0.0856781005859375,9.401901245117188,
3.0829010009765625,0.0306549072265625,9.375579833984375,
3.0757293701171875,0.104827880859375,9.365997314453125,
3.03265380859375,0.1143951416015625,9.37078857421875,
3.085296630859375,0.0785064697265625,9.356430053710938,
3.109222412109375,0.071319580078125,9.339675903320312,
3.0757293701171875,0.1024322509765625,9.365997314453125,
3.0996551513671875,0.1072235107421875,9.351638793945312,
3.0350494384765625,0.104827880859375,9.351638793945312,
3.027862548828125,0.11199951171875,9.377960205078125,
3.0422210693359375,0.104827880859375,9.349258422851562,
2.922576904296875,0.0617523193359375,9.389923095703125,
3.0230865478515625,0.0832977294921875,9.377960205078125,
3.1235809326171875,0.1718292236328125,9.327713012695312,
3.08050537109375,0.0976409912109375,9.363601684570312,
3.1355438232421875,0.11199951171875,9.365997314453125,
3.037445068359375,0.0952606201171875,9.349258422851562,
3.0757293701171875,0.1383209228515625,9.35882568359375,
3.0589752197265625,0.071319580078125,9.337295532226562,
2.9249725341796875,0.1072235107421875,9.368392944335938,
3.0829010009765625,0.071319580078125,9.349258422851562,
3.1068267822265625,0.140716552734375,9.365997314453125,
3.061370849609375,0.10003662109375,9.35882568359375,
3.0541839599609375,0.0976409912109375,9.380355834960938,
3.08050537109375,0.07611083984375,9.342071533203125,
3.039825439453125,0.104827880859375,9.339675903320312,
3.0829010009765625,0.0306549072265625,9.375579833984375,
3.0876922607421875,0.06414794921875,9.356430053710938,
3.03265380859375,0.1143951416015625,9.37078857421875,
3.0829010009765625,0.0139007568359375,9.35882568359375,
3.109222412109375,0.071319580078125,9.339675903320312,
3.0637664794921875,0.0617523193359375,9.349258422851562,
3.0996551513671875,0.1072235107421875,9.351638793945312,
3.0709381103515625,0.047393798828125,9.38275146484375,
3.027862548828125,0.11199951171875,9.377960205078125,
3.0470123291015625,0.045013427734375,9.385147094726562,
2.922576904296875,0.0617523193359375,9.389923095703125,
3.0781097412109375,0.035430908203125,9.351638793945312,
3.1235809326171875,0.1718292236328125,9.327713012695312,
3.0422210693359375,0.0497894287109375,9.351638793945312,
3.1355438232421875,0.11199951171875,9.365997314453125,
3.090087890625,0.0617523193359375,9.349258422851562,
3.0757293701171875,0.1383209228515625,9.35882568359375,
3.06854248046875,0.045013427734375,9.365997314453125,
2.9249725341796875,0.1072235107421875,9.368392944335938,
3.0781097412109375,0.0545806884765625,9.33489990234375,
3.1068267822265625,0.140716552734375,9.365997314453125,
3.0781097412109375,0.0665435791015625,9.363601684570312,
3.0541839599609375,0.0976409912109375,9.380355834960938,
3.05657958984375,0.0785064697265625,9.351638793945312,
3.039825439453125,0.104827880859375,9.339675903320312,
3.0541839599609375,0.06414794921875,9.327713012695312,
3.0876922607421875,0.06414794921875,9.356430053710938,
3.0757293701171875,0.047393798828125,9.377960205078125,
3.0829010009765625,0.0139007568359375,9.35882568359375,
3.051788330078125,0.035430908203125,9.363601684570312,
3.0637664794921875,0.0617523193359375,9.349258422851562,
3.0781097412109375,0.056976318359375,9.34686279296875,
3.0709381103515625,0.047393798828125,9.38275146484375,
3.0781097412109375,0.023468017578125,9.351638793945312,
3.0470123291015625,0.045013427734375,9.385147094726562,
3.0709381103515625,0.1263580322265625,9.349258422851562,
3.0781097412109375,0.035430908203125,9.351638793945312,
3.06854248046875,0.109619140625,9.377960205078125,
3.0422210693359375,0.0497894287109375,9.351638793945312,
3.0829010009765625,-0.045928955078125,9.356430053710938,
3.090087890625,0.0617523193359375,9.349258422851562,
3.0781097412109375,0.045013427734375,9.35882568359375,
3.06854248046875,0.045013427734375,9.365997314453125,
3.109222412109375,0.080902099609375,9.330108642578125,
3.0781097412109375,0.0545806884765625,9.33489990234375,
3.0781097412109375,0.0186920166015625,9.344467163085938,
3.0781097412109375,0.0665435791015625,9.363601684570312,
3.061370849609375,0.047393798828125,9.387542724609375,
3.05657958984375,0.0785064697265625,9.351638793945312,
3.0589752197265625,0.0497894287109375,9.363601684570312,
3.0541839599609375,0.06414794921875,9.327713012695312,
3.0661468505859375,0.056976318359375,9.349258422851562,
3.0757293701171875,0.047393798828125,9.377960205078125,
3.085296630859375,0.0330352783203125,9.354034423828125,
3.051788330078125,0.035430908203125,9.363601684570312,
3.0350494384765625,0.0832977294921875,9.354034423828125,
3.0781097412109375,0.056976318359375,9.34686279296875,
3.073333740234375,0.0545806884765625,9.34686279296875,
3.0781097412109375,0.023468017578125,9.351638793945312,
3.09246826171875,0.0258636474609375,9.349258422851562,
3.0709381103515625,0.1263580322265625,9.349258422851562,
3.05657958984375,0.080902099609375,9.344467163085938,
3.06854248046875,0.109619140625,9.377960205078125,
3.0709381103515625,0.045013427734375,9.354034423828125,
3.0829010009765625,-0.045928955078125,9.356430053710938,
3.06854248046875,0.056976318359375,9.37078857421875,
3.0781097412109375,0.045013427734375,9.35882568359375,
3.0709381103515625,0.0617523193359375,9.344467163085938,
3.109222412109375,0.080902099609375,9.330108642578125,
3.0661468505859375,0.0832977294921875,9.35882568359375,
3.0781097412109375,0.0186920166015625,9.344467163085938,
3.0757293701171875,0.05218505859375,9.332504272460938,
3.061370849609375,0.047393798828125,9.387542724609375,
3.0637664794921875,0.0856781005859375,9.342071533203125,
3.0589752197265625,0.0497894287109375,9.363601684570312,
3.0230865478515625,0.07611083984375,9.404281616210938,
3.0661468505859375,0.056976318359375,9.349258422851562,
3.05657958984375,0.07611083984375,9.344467163085938,
3.085296630859375,0.0330352783203125,9.354034423828125,
3.0230865478515625,0.10003662109375,9.342071533203125,
3.0350494384765625,0.0832977294921875,9.354034423828125,
3.09246826171875,0.01629638671875,9.339675903320312,
3.073333740234375,0.0545806884765625,9.34686279296875,
3.0470123291015625,0.0952606201171875,9.363601684570312,
3.09246826171875,0.0258636474609375,9.349258422851562,
3.0350494384765625,0.0665435791015625,9.389923095703125,
3.05657958984375,0.080902099609375,9.344467163085938,
3.0350494384765625,0.06414794921875,9.389923095703125,
3.0709381103515625,0.045013427734375,9.354034423828125,
3.08050537109375,0.05218505859375,9.37078857421875,
3.06854248046875,0.056976318359375,9.37078857421875,
3.09246826171875,0.0497894287109375,9.35882568359375,
3.0709381103515625,0.0617523193359375,9.344467163085938,
3.051788330078125,0.0904693603515625,9.34686279296875,
3.0661468505859375,0.0832977294921875,9.35882568359375,
3.061370849609375,0.080902099609375,9.363601684570312,
3.0757293701171875,0.05218505859375,9.332504272460938,
3.073333740234375,0.0497894287109375,9.365997314453125,
3.0637664794921875,0.0856781005859375,9.342071533203125,
3.1068267822265625,0.059356689453125,9.37078857421875,
3.0230865478515625,0.07611083984375,9.404281616210938,
3.04461669921875,0.0785064697265625,9.34686279296875,
3.05657958984375,0.07611083984375,9.344467163085938,
3.0876922607421875,0.04022216796875,9.344467163085938,
3.0230865478515625,0.10003662109375,9.342071533203125,
3.085296630859375,0.047393798828125,9.365997314453125,
3.09246826171875,0.01629638671875,9.339675903320312,
3.049407958984375,0.0856781005859375,9.368392944335938,
3.0470123291015625,0.0952606201171875,9.363601684570312,
3.0637664794921875,0.047393798828125,9.34686279296875,
3.0350494384765625,0.0665435791015625,9.389923095703125,
3.039825439453125,0.071319580078125,9.38275146484375,
3.0350494384765625,0.06414794921875,9.389923095703125,
3.09246826171875,0.0545806884765625,9.368392944335938,
3.08050537109375,0.05218505859375,9.37078857421875,
3.0781097412109375,0.04022216796875,9.361221313476562,
3.09246826171875,0.0497894287109375,9.35882568359375,
3.0589752197265625,0.047393798828125,9.363601684570312,
3.051788330078125,0.0904693603515625,9.34686279296875,
3.0757293701171875,0.06414794921875,9.363601684570312,
3.061370849609375,0.080902099609375,9.363601684570312,
3.04461669921875,0.08807373046875,9.35882568359375,
3.073333740234375,0.0497894287109375,9.365997314453125,
3.0709381103515625,0.06414794921875,9.373184204101562,
3.1068267822265625,0.059356689453125,9.37078857421875,
3.061370849609375,0.0665435791015625,9.361221313476562,
3.04461669921875,0.0785064697265625,9.34686279296875,
3.049407958984375,0.0785064697265625,9.363601684570312,
3.0876922607421875,0.04022216796875,9.344467163085938,
3.05657958984375,0.080902099609375,9.365997314453125,
3.085296630859375,0.047393798828125,9.365997314453125,
3.051788330078125,0.07611083984375,9.356430053710938,
3.049407958984375,0.0856781005859375,9.368392944335938,
3.08050537109375,0.056976318359375,9.351638793945312,
3.0637664794921875,0.047393798828125,9.34686279296875,
3.0470123291015625,0.0904693603515625,9.368392944335938,
3.039825439453125,0.071319580078125,9.38275146484375,
3.0422210693359375,0.06414794921875,9.375579833984375,
3.09246826171875,0.0545806884765625,9.368392944335938,
3.0589752197265625,0.0832977294921875,9.365997314453125,
3.0781097412109375,0.04022216796875,9.361221313476562,
3.04461669921875,0.0832977294921875,9.356430053710938,
3.0589752197265625,0.047393798828125,9.363601684570312,
3.051788330078125,0.07611083984375,9.35882568359375,
3.0757293701171875,0.06414794921875,9.363601684570312,
3.04461669921875,0.07611083984375,9.351638793945312,
3.04461669921875,0.08807373046875,9.35882568359375,
3.0422210693359375,0.08807373046875,9.361221313476562,
3.0709381103515625,0.06414794921875,9.373184204101562,
3.0661468505859375,0.0617523193359375,9.349258422851562,
3.061370849609375,0.0665435791015625,9.361221313476562,
3.0541839599609375,0.0617523193359375,9.375579833984375,
3.049407958984375,0.0785064697265625,9.363601684570312,
3.0709381103515625,0.0832977294921875,9.373184204101562,
3.05657958984375,0.080902099609375,9.365997314453125,
3.051788330078125,0.059356689453125,9.39471435546875,
3.051788330078125,0.07611083984375,9.356430053710938,
3.039825439453125,0.068939208984375,9.375579833984375,
3.08050537109375,0.056976318359375,9.351638793945312,
3.073333740234375,0.0545806884765625,9.35882568359375,
3.0470123291015625,0.0904693603515625,9.368392944335938,
3.0350494384765625,0.0617523193359375,9.401901245117188,
3.0422210693359375,0.06414794921875,9.375579833984375,
3.073333740234375,0.0545806884765625,9.356430053710938,
3.0589752197265625,0.0832977294921875,9.365997314453125,
3.0589752197265625,0.0617523193359375,9.368392944335938,
3.04461669921875,0.0832977294921875,9.356430053710938,
3.04461669921875,0.056976318359375,9.380355834960938,
3.051788330078125,0.07611083984375,9.35882568359375,
3.073333740234375,0.0545806884765625,9.373184204101562,
3.04461669921875,0.07611083984375,9.351638793945312,
3.04461669921875,0.0832977294921875,9.365997314453125,
3.0422210693359375,0.08807373046875,9.361221313476562,
3.0876922607421875,0.0497894287109375,9.373184204101562,
3.0661468505859375,0.0617523193359375,9.349258422851562,
3.0541839599609375,0.0952606201171875,9.361221313476562,
3.0541839599609375,0.0617523193359375,9.375579833984375,
3.06854248046875,0.068939208984375,9.35882568359375,
3.0709381103515625,0.0832977294921875,9.373184204101562,
3.0709381103515625,0.0378265380859375,9.35882568359375,
3.051788330078125,0.059356689453125,9.39471435546875,
3.08050537109375,0.047393798828125,9.380355834960938,
3.039825439453125,0.068939208984375,9.375579833984375,
3.0182952880859375,0.06414794921875,9.389923095703125,
3.073333740234375,0.0545806884765625,9.35882568359375,
3.04461669921875,0.092864990234375,9.349258422851562,
3.0350494384765625,0.0617523193359375,9.401901245117188,
3.051788330078125,0.0856781005859375,9.35882568359375,
3.073333740234375,0.0545806884765625,9.356430053710938,
3.0709381103515625,0.04022216796875,9.342071533203125,
3.0589752197265625,0.0617523193359375,9.368392944335938,
3.0781097412109375,0.0426177978515625,9.399505615234375,
3.04461669921875,0.056976318359375,9.380355834960938,
3.0470123291015625,0.068939208984375,9.377960205078125,
3.073333740234375,0.0545806884765625,9.373184204101562,
3.03265380859375,0.0665435791015625,9.399505615234375,
3.04461669921875,0.0832977294921875,9.365997314453125,
3.085296630859375,0.045013427734375,9.368392944335938,
3.0876922607421875,0.0497894287109375,9.373184204101562,
3.0781097412109375,0.056976318359375,9.373184204101562,
3.0541839599609375,0.0952606201171875,9.361221313476562,
3.0470123291015625,0.0737152099609375,9.354034423828125,
3.06854248046875,0.068939208984375,9.35882568359375,
3.051788330078125,0.059356689453125,9.389923095703125,
3.0709381103515625,0.0378265380859375,9.35882568359375,
3.0541839599609375,0.0832977294921875,9.368392944335938,
3.08050537109375,0.047393798828125,9.380355834960938,
3.0948638916015625,0.045013427734375,9.38275146484375,
3.0182952880859375,0.06414794921875,9.389923095703125,
3.0781097412109375,0.08807373046875,9.368392944335938,
3.04461669921875,0.092864990234375,9.349258422851562,
3.0589752197265625,0.0737152099609375,9.356430053710938,
3.051788330078125,0.0856781005859375,9.35882568359375,
3.0709381103515625,0.07611083984375,9.373184204101562,
3.0709381103515625,0.04022216796875,9.342071533203125,
3.05657958984375,0.068939208984375,9.373184204101562,
3.0781097412109375,0.0426177978515625,9.399505615234375,
3.0757293701171875,0.0617523193359375,9.368392944335938,
3.0470123291015625,0.068939208984375,9.377960205078125,
3.0709381103515625,0.04022216796875,9.380355834960938,
3.03265380859375,0.0665435791015625,9.399505615234375,
3.0709381103515625,0.056976318359375,9.354034423828125,
3.085296630859375,0.045013427734375,9.368392944335938,
3.04461669921875,0.0832977294921875,9.35882568359375,
3.0781097412109375,0.056976318359375,9.373184204101562,
3.0422210693359375,0.0832977294921875,9.361221313476562,
3.0470123291015625,0.0737152099609375,9.354034423828125,
3.0470123291015625,0.071319580078125,9.373184204101562,
3.051788330078125,0.059356689453125,9.389923095703125,
3.0709381103515625,0.05218505859375,9.377960205078125,
3.0541839599609375,0.0832977294921875,9.368392944335938,
3.0637664794921875,0.0617523193359375,9.37078857421875,
3.0541839599609375,0.05218505859375,9.387542724609375,
3.0948638916015625,0.045013427734375,9.38275146484375,
3.0781097412109375,0.08807373046875,9.368392944335938,
3.049407958984375,0.08807373046875,9.361221313476562,
3.0589752197265625,0.0737152099609375,9.356430053710938,
3.039825439453125,0.0856781005859375,9.356430053710938,
3.0709381103515625,0.07611083984375,9.373184204101562,
3.0541839599609375,0.0497894287109375,9.397109985351562,
3.05657958984375,0.068939208984375,9.373184204101562,
3.04461669921875,0.05218505859375,9.39471435546875,
3.0757293701171875,0.0617523193359375,9.368392944335938,
3.0829010009765625,0.0617523193359375,9.373184204101562,
3.0709381103515625,0.04022216796875,9.380355834960938,
3.04461669921875,0.0545806884765625,9.392318725585938,
3.0709381103515625,0.056976318359375,9.354034423828125,
3.06854248046875,0.0617523193359375,9.37078857421875,
3.04461669921875,0.0832977294921875,9.35882568359375,
3.04461669921875,0.080902099609375,9.361221313476562,
3.0422210693359375,0.0832977294921875,9.361221313476562,
3.0470123291015625,0.080902099609375,9.377960205078125,
3.0470123291015625,0.071319580078125,9.373184204101562,
3.0637664794921875,0.06414794921875,9.365997314453125,
3.0709381103515625,0.05218505859375,9.377960205078125,
3.08050537109375,0.0665435791015625,9.365997314453125,
3.0637664794921875,0.0617523193359375,9.37078857421875,
3.0470123291015625,0.071319580078125,9.37078857421875,
3.0541839599609375,0.05218505859375,9.387542724609375,
3.0422210693359375,0.0832977294921875,9.351638793945312,
3.049407958984375,0.08807373046875,9.361221313476562,
3.0876922607421875,0.0904693603515625,9.37078857421875,
3.039825439453125,0.0856781005859375,9.356430053710938,
3.0637664794921875,0.0330352783203125,9.38275146484375,
3.0541839599609375,0.0497894287109375,9.397109985351562,
3.04461669921875,0.0497894287109375,9.413864135742188,
3.04461669921875,0.05218505859375,9.39471435546875,
3.061370849609375,0.045013427734375,9.385147094726562,
3.0829010009765625,0.0617523193359375,9.373184204101562,
3.0589752197265625,0.104827880859375,9.377960205078125,
3.04461669921875,0.0545806884765625,9.392318725585938,
3.0637664794921875,0.0617523193359375,9.399505615234375,
3.06854248046875,0.0617523193359375,9.37078857421875,
3.0637664794921875,0.0330352783203125,9.392318725585938,
3.04461669921875,0.080902099609375,9.361221313476562,
3.0350494384765625,0.0976409912109375,9.356430053710938,
3.0470123291015625,0.080902099609375,9.377960205078125,
3.0182952880859375,0.068939208984375,9.387542724609375,
3.0637664794921875,0.06414794921875,9.365997314453125,
3.0470123291015625,0.071319580078125,9.356430053710938,
3.08050537109375,0.0665435791015625,9.365997314453125,
3.0350494384765625,0.047393798828125,9.399505615234375,
3.0470123291015625,0.071319580078125,9.37078857421875,
3.04461669921875,0.056976318359375,9.401901245117188,
3.0422210693359375,0.0832977294921875,9.351638793945312,
3.0541839599609375,0.045013427734375,9.377960205078125,
3.0876922607421875,0.0904693603515625,9.37078857421875,
3.08050537109375,0.0330352783203125,9.37078857421875,
3.0637664794921875,0.0330352783203125,9.38275146484375,
3.0470123291015625,0.0904693603515625,9.354034423828125,
3.04461669921875,0.0497894287109375,9.413864135742188,
3.039825439453125,0.07611083984375,9.409072875976562,
3.061370849609375,0.045013427734375,9.385147094726562,
3.051788330078125,0.071319580078125,9.375579833984375,
3.0589752197265625,0.104827880859375,9.377960205078125,
3.05657958984375,0.059356689453125,9.392318725585938,
3.0637664794921875,0.0617523193359375,9.399505615234375,
3.0637664794921875,0.0785064697265625,9.35882568359375,
3.0637664794921875,0.0330352783203125,9.392318725585938,
3.0422210693359375,0.0617523193359375,9.389923095703125,
3.0350494384765625,0.0976409912109375,9.356430053710938,
3.04461669921875,0.0545806884765625,9.39471435546875,
3.0182952880859375,0.068939208984375,9.387542724609375,
3.085296630859375,0.056976318359375,9.368392944335938,
3.0470123291015625,0.071319580078125,9.356430053710938,
3.0589752197265625,0.06414794921875,9.380355834960938,
3.0350494384765625,0.047393798828125,9.399505615234375,
3.0589752197265625,0.056976318359375,9.38275146484375,
3.04461669921875,0.056976318359375,9.401901245117188,
2.9273681640625,0.109619140625,9.387542724609375,
3.0541839599609375,0.045013427734375,9.377960205078125,
3.061370849609375,0.1957550048828125,9.35882568359375,
3.08050537109375,0.0330352783203125,9.37078857421875,
3.0470123291015625,0.0904693603515625,9.354034423828125,
2.968048095703125,-0.0842132568359375,9.2176513671875,
3.039825439453125,0.07611083984375,9.409072875976562,
2.6904754638671875,-0.1320648193359375,9.373184204101562,
3.051788330078125,0.071319580078125,9.375579833984375,
2.7024383544921875,-0.0315704345703125,9.543075561523438,
3.05657958984375,0.059356689453125,9.392318725585938,
2.733551025390625,-0.0746307373046875,9.468887329101562,
2.7550811767578125,-0.0554962158203125,9.519134521484375,
2.99676513671875,-0.0913848876953125,8.648147583007812,
3.0637664794921875,0.0785064697265625,9.35882568359375,
3.0422210693359375,0.0617523193359375,9.389923095703125,
2.7120208740234375,-0.0794219970703125,9.224822998046875,
3.04461669921875,0.0545806884765625,9.39471435546875,
2.790985107421875,-0.0387420654296875,9.478469848632812,
3.085296630859375,0.056976318359375,9.368392944335938,
2.85797119140625,-0.0507049560546875,9.622039794921875,
3.0589752197265625,0.06414794921875,9.380355834960938,
2.8723297119140625,-0.00762939453125,9.401901245117188,
3.0589752197265625,0.056976318359375,9.38275146484375,
2.8125152587890625,0.0186920166015625,9.432998657226562,
2.9273681640625,0.109619140625,9.387542724609375,
2.8364410400390625,0.01629638671875,9.447357177734375,
3.061370849609375,0.1957550048828125,9.35882568359375,
2.7957611083984375,-0.0100250244140625,9.471282958984375,
2.802947998046875,-0.0100250244140625,9.466506958007812,
2.968048095703125,-0.0842132568359375,9.2176513671875,
2.826873779296875,-0.0052490234375,9.435394287109375,
2.6904754638671875,-0.1320648193359375,9.373184204101562,
2.8244781494140625,-0.0315704345703125,9.497604370117188,
2.7024383544921875,-0.0315704345703125,9.543075561523438,
2.817291259765625,-0.036346435546875,9.488037109375,
2.733551025390625,-0.0746307373046875,9.468887329101562,
2.7311553955078125,0.059356689453125,9.449752807617188,
2.7550811767578125,-0.0554962158203125,9.519134521484375,
2.99676513671875,-0.0913848876953125,8.648147583007812,
2.7550811767578125,-0.048309326171875,9.483245849609375,
2.7120208740234375,-0.0794219970703125,9.224822998046875,
2.8077239990234375,-0.0339508056640625,9.480850219726562,
